      0/49     1.87G   0.07635   0.01702   0.01725    0.1106        16       640   0.01836    0.1854   0.01193  0.001816   0.06455   0.01429   0.01322
      1/49     13.5G   0.06742    0.0159    0.0168    0.1001        31       640   0.06259   0.09809   0.02643  0.004633   0.05528   0.01167   0.01263
      2/49     15.7G   0.06162    0.0159   0.01671   0.09424        29       640    0.0795    0.2189   0.05744   0.01071   0.05351   0.01042    0.0124
      3/49     15.7G   0.05896   0.01509   0.01547   0.08953        16       640    0.6145    0.2045    0.1195   0.02595   0.05375  0.009373   0.01205
      4/49     15.7G   0.05293   0.01414   0.01414   0.08121        12       640    0.4191    0.2907    0.2896   0.07667   0.04429  0.009069   0.01082
      5/49     15.7G   0.05529   0.01447   0.01458   0.08434        37       640    0.1193    0.3361   0.09702   0.02388   0.05194  0.009364   0.01044
      6/49     15.7G   0.04569    0.0126   0.01286   0.07115        22       640    0.3161    0.5622    0.2693   0.08739   0.04507  0.009162   0.01052
      7/49     15.7G   0.04684   0.01282   0.01301   0.07266        19       640    0.2503    0.3313    0.2429    0.1438   0.04951  0.009389   0.01021
      8/49     15.7G   0.05436   0.01273   0.01411    0.0812        18       640    0.4003    0.3816    0.2993    0.1261   0.05212  0.007631   0.01042
      9/49     15.7G   0.04816   0.01243   0.01316   0.07375        15       640    0.2066    0.2153    0.1227   0.02895   0.06895  0.007374  0.009812
     10/49     15.7G   0.04486   0.01215   0.01306   0.07008        17       640    0.3565    0.4121    0.2723    0.1061   0.05195  0.007643   0.01023
     11/49     15.7G     0.046   0.01196    0.0125   0.07046        21       640    0.3312    0.3624    0.2715    0.1272   0.05967  0.007386  0.009581
     12/49     15.7G    0.0511   0.01227    0.0131   0.07647        11       640    0.5002    0.2185    0.2446   0.07146    0.0613  0.007052   0.01024
     13/49     15.7G   0.04043   0.01149   0.01107   0.06299        10       640    0.3511    0.2907    0.2727    0.1219   0.05343  0.006936  0.009671
     14/49     15.7G   0.04894   0.01145    0.0117   0.07208        14       640    0.2412     0.427    0.2337    0.1071   0.05724  0.006476  0.009139
     15/49     15.7G   0.03783   0.01218   0.01072   0.06073        23       640   0.03946    0.2225   0.02492  0.006536   0.05642   0.01067  0.009114
     16/49     15.7G   0.05212   0.01199   0.01296   0.07706         6       640   0.02035    0.3206   0.01565  0.005418   0.05581  0.008702  0.009269
     17/49     15.7G   0.04984   0.01221   0.01236    0.0744        24       640    0.3941    0.4593     0.393    0.1607   0.05167  0.007458  0.007577
     18/49     15.7G   0.04395   0.01193   0.01077   0.06666        14       640    0.2777     0.445    0.2533    0.1143   0.05797  0.007146  0.008417
     19/49     15.7G   0.04964   0.01312   0.01213   0.07489        40       640    0.2918    0.3361    0.2252   0.09508   0.05554  0.006826  0.008701
     20/49     15.7G   0.04018   0.01181  0.009503    0.0615        14       640    0.7599    0.6313    0.7094    0.4241    0.0442  0.006743  0.006302
     21/49     15.7G   0.04535   0.01175    0.0101    0.0672        20       640    0.4806    0.5359    0.4142    0.2136   0.04989  0.006944  0.007323
     22/49     15.7G   0.04509    0.0124  0.009723   0.06721        18       640    0.5952    0.6012    0.5641    0.1824   0.04162  0.006638  0.006074
     23/49     15.7G   0.03837   0.01081  0.008054   0.05723        12       640    0.5791    0.5694    0.5725    0.2006   0.03994   0.00692  0.005871
     24/49     15.7G   0.04114    0.0117   0.00795   0.06078        22       640    0.8034    0.3584    0.4379    0.2391   0.04526   0.00743  0.007218
     25/49     15.7G   0.03751   0.01166  0.007615   0.05678        14       640    0.5637    0.6137    0.5578    0.2176   0.04715  0.006538  0.005776
     26/49     15.7G   0.03554   0.01104  0.007751   0.05433         5       640    0.7359    0.4868    0.5706    0.2547   0.04383  0.006934  0.005926
     27/49     15.7G   0.04254   0.01145  0.008276   0.06227        36       640    0.6122    0.5881    0.6126    0.2201   0.04555  0.006634  0.005621
     28/49     15.7G   0.04327   0.01133  0.007213   0.06181        23       640    0.7532    0.4843    0.5642    0.3027   0.04513  0.006491  0.006198
     29/49     15.7G   0.03808   0.01173   0.00735   0.05716        22       640    0.7669    0.5694    0.6833    0.4031   0.04304  0.006148  0.005465
     30/49     15.7G   0.03335   0.01073  0.005895   0.04998        17       640     0.655    0.7318    0.6779    0.3609   0.04447  0.006431  0.004907
     31/49     15.7G   0.03219   0.01125   0.00685   0.05029         8       640    0.7735    0.6447     0.661    0.3436   0.04313  0.006738  0.005035
     32/49     15.7G   0.03867   0.01013  0.007076   0.05587        18       640    0.6328    0.7657    0.6718    0.3921   0.04144  0.006498  0.004809
     33/49     15.7G   0.04088   0.01076  0.007159   0.05879        12       640    0.8058    0.6344      0.77     0.484   0.03751  0.006513  0.005122
     34/49     15.7G   0.03354   0.01123  0.006529    0.0513        14       640    0.8114    0.8432    0.8599    0.5126    0.0348  0.006488  0.004253
     35/49     15.7G   0.03804   0.01142   0.00687   0.05633        20       640     0.752    0.5853    0.7283    0.4516   0.03412  0.007037  0.004481
     36/49     15.7G   0.03324   0.01143  0.007405   0.05207        15       640    0.5187    0.6376    0.6142    0.4138   0.03302  0.007323  0.004163
     37/49     15.7G   0.03569   0.01024  0.005741   0.05167         8       640    0.7722    0.5837    0.6657    0.4171   0.03486    0.0069  0.003759
     38/49     15.7G    0.0371   0.01002  0.006989   0.05412        14       640    0.8068    0.6446    0.7806     0.453   0.03474  0.006552  0.003548
     39/49     15.7G   0.03861   0.01075   0.00669   0.05605        19       640    0.8456    0.5658     0.726    0.4807   0.03379  0.006603  0.003668
     40/49     15.7G   0.03831   0.01172  0.006203   0.05623        11       640    0.8428    0.6603    0.7809    0.5024   0.03041  0.006518  0.004057
     41/49     15.7G   0.04102   0.01098  0.006884   0.05888        33       640    0.7051    0.7883     0.789    0.4516    0.0317  0.006505  0.004497
     42/49     15.7G   0.03269   0.01052  0.004919   0.04813        14       640    0.8784    0.5886    0.7805    0.5023   0.02797  0.006809  0.004116
     43/49     15.7G   0.03905   0.01095  0.007073   0.05708        22       640     0.806    0.7762    0.8215    0.5629   0.02856  0.006651  0.003591
     44/49     15.7G   0.03001   0.01055  0.005702   0.04625        23       640    0.9061    0.5613     0.694    0.4663   0.03142  0.007008  0.003479
     45/49     15.7G   0.03416   0.01053  0.005756   0.05044        19       640    0.9166    0.6586    0.7956    0.5511   0.02822  0.006884  0.003282
     46/49     15.7G   0.03756  0.009645  0.006139   0.05334         8       640    0.9324    0.6162     0.775    0.5599   0.02936  0.006927  0.003358
     47/49     15.7G   0.03646   0.01015  0.006631   0.05324        17       640    0.7943    0.7099    0.7777    0.5297   0.02712  0.007027  0.003452
     48/49     15.7G   0.03975   0.01046  0.006527   0.05674        10       640    0.8871    0.7129    0.8094    0.5403   0.02683   0.00684  0.003379
     49/49     15.7G   0.03658   0.01016  0.006767    0.0535        18       640    0.9989    0.6373     0.785    0.5557   0.02773  0.006607  0.003702
